TimeStamp,Delta_TP9,Delta_AF7,Delta_AF8,Delta_TP10,Theta_TP9,Theta_AF7,Theta_AF8,Theta_TP10,Alpha_TP9,Alpha_AF7,Alpha_AF8,Alpha_TP10,Beta_TP9,Beta_AF7,Beta_AF8,Beta_TP10,Gamma_TP9,Gamma_AF7,Gamma_AF8,Gamma_TP10,RAW_TP9,RAW_AF7,RAW_AF8,RAW_TP10,AUX_RIGHT,Accelerometer_X,Accelerometer_Y,Accelerometer_Z,Gyro_X,Gyro_Y,Gyro_Z,HeadBandOn,HSI_TP9,HSI_AF7,HSI_AF8,HSI_TP10,Battery,Elements
2019-06-29 13:52:54,,,,,,,,,,,,,,,,,,,,,,,,,,,,,,,,,,,,,,/muse/elements/blink
2019-06-29 13:52:54.281,0.53506863,0.215031,0.16711125,0.5708796,0.5693803,-0.042044464,-0.054218274,0.04976343,0.94783664,0.19595137,0.25580803,0.5563261,0.5862759,-0.14830427,-0.2135543,0.4233865,0.22317997,-0.53390765,-0.5447439,-0.010538476,851.79486,902.1612,898.1319,857.03296,604.3956,-0.03460693359375,-0.01025390625,0.98565673828125,0.94207763671875,20.553741455078125,1.293487548828125,1,1.0,1.0,1.0,1.0,80.00
2019-06-29 13:52:54,,,,,,,,,,,,,,,,,,,,,,,,,,,,,,,,,,,,,,/muse/elements/blink
2019-06-29 13:52:55.332,0.5070683,0.36574626,0.37070596,0.73484635,0.45126006,0.21813948,-0.032665323,-0.20568095,0.9412179,-0.36777505,0.23772101,0.48259193,0.4109338,-0.10159692,-0.17504065,0.47428942,0.032966986,-0.44289425,-0.507572,-0.18034378,857.03296,817.1429,801.8315,869.92676,638.6447,-0.24273681640625,0.05010986328125,0.9630126953125,8.792724609375,0.515899658203125,6.35528564453125,1,1.0,1.0,1.0,1.0,80.00
2019-06-29 13:52:56.358,0.5070683,0.8537775,0.96404034,0.73484635,0.45126006,-0.07592788,0.43052372,-0.20568095,0.9412179,-0.16593243,0.19388166,0.48259193,0.4109338,-0.06745736,-0.1846682,0.47428942,0.032966986,-0.23773158,-0.40616396,-0.18034378,939.2308,825.2015,799.011,924.3223,996.8498,-0.275390625,0.04638671875,0.9747314453125,7.8955078125,-5.809478759765625,-1.1962890625,1,1.0,1.0,1.0,1.0,80.00
2019-06-29 13:52:56,,,,,,,,,,,,,,,,,,,,,,,,,,,,,,,,,,,,,,/muse/elements/blink
2019-06-29 13:52:57.409,1.0934838,1.1707597,0.79182345,1.2492385,0.52295417,0.40987495,0.13638347,0.790223,0.37151593,0.16030584,0.21492957,0.580596,0.43415484,-0.18150684,0.011236728,0.5701366,0.13656117,-0.44164598,-0.48418742,0.05517145,971.8681,819.15753,809.4872,944.87177,1023.8461,-0.2562255859375,0.0443115234375,0.9534912109375,5.585174560546875,-4.493560791015625,-0.5682373046875,1,1.0,1.0,1.0,1.0,80.00
2019-06-29 13:52:58,,,,,,,,,,,,,,,,,,,,,,,,,,,,,,,,,,,,,,/muse/elements/blink
2019-06-29 13:52:58.445,1.0079736,0.50762415,0.7139435,1.0999144,0.5287423,0.14209913,0.2734576,0.73297054,0.62818456,0.20849141,0.17569321,0.9838238,0.42673713,-0.20501307,8.390221E-4,0.4916384,0.124439634,-0.39189568,-0.5929625,0.024855455,699.89014,821.978,815.9341,722.8571,438.7912,-0.25836181640625,0.04559326171875,0.9541015625,4.29168701171875,-3.75335693359375,-1.203765869140625,1,1.0,1.0,1.0,1.0,80.00
2019-06-29 13:52:59.475,1.3401463,0.6210134,0.74527085,1.3676747,1.1020933,0.4044591,0.45496824,1.0857091,0.7686462,0.3825389,0.17668775,1.15131,0.27714634,-0.16727689,-0.0046606185,0.39906225,-0.014676803,-0.4901811,-0.46621287,-0.04275146,949.707,826.8132,813.5165,928.3516,909.81683,-0.26031494140625,0.04156494140625,0.95867919921875,4.687957763671875,-3.925323486328125,-0.897216796875,1,1.0,1.0,1.0,1.0,80.00
2019-06-29 13:52:59,,,,,,,,,,,,,,,,,,,,,,,,,,,,,,,,,,,,,,/muse/elements/blink
2019-06-29 13:53:00.507,1.4378048,0.31305867,0.736772,1.4612887,1.0524395,0.14174867,0.19160528,0.989679,0.83131534,0.45375317,0.18726121,1.003178,0.25232053,-0.041273426,0.06481255,0.25916556,-0.14186303,-0.61476254,-0.42209893,-0.13992599,768.3883,816.337,807.0696,780.4762,354.1758,-0.25921630859375,0.04473876953125,0.95623779296875,4.314117431640625,-4.246826171875,-1.054229736328125,1,1.0,1.0,1.0,1.0,80.00
2019-06-29 13:53:01,,,,,,,,,,,,,,,,,,,,,,,,,,,,,,,,,,,,,,/muse/elements/blink
2019-06-29 13:53:01.525,1.1278688,0.49632147,1.0067846,1.108844,0.55193174,0.08029481,0.32457116,0.44956148,0.78933483,0.32715473,0.23518063,0.9093807,0.364403,-0.21718124,-0.019143023,0.36266297,0.09738047,-0.53458416,-0.44590735,-0.09084471,929.9634,815.5311,807.0696,913.0403,1252.7106,-0.2601318359375,0.03948974609375,0.95208740234375,4.53094482421875,-4.015045166015625,-1.158905029296875,1,1.0,1.0,1.0,1.0,80.00
2019-06-29 13:53:02.550,0.63585824,0.734445,0.7858608,0.7427799,0.41557047,0.12082307,0.43792048,0.37460625,0.6303834,-0.014002465,0.3459865,0.7053904,0.3859319,-0.09336429,-0.09829087,0.37345845,0.030143293,-0.48866478,-0.5323863,-0.058398996,702.3077,817.5458,813.5165,718.022,333.62637,-0.2579345703125,0.042724609375,0.95758056640625,4.777679443359375,-4.209442138671875,-1.173858642578125,1,1.0,1.0,1.0,1.0,80.00
2019-06-29 13:53:02,,,,,,,,,,,,,,,,,,,,,,,,,,,,,,,,,,,,,,/muse/elements/blink
2019-06-29 13:53:03.561,0.5259866,0.6925222,0.67689323,0.6942783,0.47271746,0.40129974,0.29082552,0.24570836,0.78549665,0.103688024,0.179009,0.7683114,0.3725019,-0.10671022,-0.07636526,0.38457215,0.1540237,-0.4560013,-0.48085713,0.049693678,753.47986,825.2015,808.2784,769.19415,385.20148,-0.25701904296875,0.038330078125,0.9527587890625,4.792633056640625,-4.149627685546875,-0.73272705078125,1,1.0,1.0,1.0,1.0,80.00
2019-06-29 13:53:04,,,,,,,,,,,,,,,,,,,,,,,,,,,,,,,,,,,,,,/muse/elements/blink
2019-06-29 13:53:04.581,0.03453905,0.29493332,0.10668879,0.24907313,0.17064455,0.26509932,0.063791454,0.105092466,0.60374624,0.12491624,0.20573375,0.668506,0.23616876,-0.1812693,-0.03217642,0.41070518,0.043832004,-0.4719787,-0.44890448,-0.019171868,815.5311,832.8571,813.1135,821.5751,443.22345,-0.25823974609375,0.0340576171875,0.95654296875,4.732818603515625,-4.127197265625,-1.084136962890625,1,1.0,1.0,1.0,1.0,80.00
2019-06-29 13:53:05.641,0.049568303,0.4540514,0.21956097,0.20776898,0.104241036,-0.1606499,0.27472267,0.26913935,0.77527434,0.24888468,0.26445508,0.67092407,0.2721644,-0.016531035,-0.008049839,0.29431576,-0.07449187,-0.52788544,-0.57579935,-0.010950052,877.5824,822.7839,811.0989,867.1062,1024.652,-0.25457763671875,0.0361328125,0.9581298828125,4.77020263671875,-4.104766845703125,-0.538330078125,1,1.0,1.0,1.0,1.0,80.00
2019-06-29 13:53:05,,,,,,,,,,,,,,,,,,,,,,,,,,,,,,,,,,,,,,/muse/elements/blink
2019-06-29 13:53:06.649,0.36238813,-0.2577226,-0.29073107,0.36098453,0.20017491,-0.39662164,0.077892825,0.20038724,0.8927162,0.28704447,0.4026567,0.6503589,0.42120004,-0.10503744,-0.062719725,0.3023697,-0.054335255,-0.48457485,-0.6348644,-0.09362768,959.3773,823.9927,805.05493,931.1722,969.0476,-0.25830078125,0.0380859375,0.95794677734375,5.061798095703125,-4.224395751953125,-0.61309814453125,1,1.0,1.0,1.0,1.0,80.00
2019-06-29 13:53:07,,,,,,,,,,,,,,,,,,,,,,,,,,,,,,,,,,,,,,/muse/elements/blink
2019-06-29 13:53:07.672,0.5396221,-0.06489709,-0.20616297,0.4260229,0.30111974,-0.060472373,0.03740396,0.116178945,0.7784734,0.31969303,0.20386583,0.665391,0.18323058,-0.029920341,-0.15522772,0.38054726,0.019640984,-0.4870275,-0.5853463,-0.014275317,718.8278,817.9487,812.3077,738.97437,664.83514,-0.25738525390625,0.03875732421875,0.96160888671875,4.329071044921875,-4.3365478515625,-1.009368896484375,1,1.0,1.0,1.0,1.0,80.00
2019-06-29 13:53:08.693,0.6769659,0.5221278,0.5254054,0.7604345,0.4556832,0.1848211,0.13280271,0.3485305,0.817694,0.4632552,0.16796705,0.65472054,0.34628528,0.03365013,-0.07454956,0.47442064,-0.036707044,-0.4594908,-0.6175277,-0.02565747,717.619,828.022,819.9634,735.34796,438.7912,-0.2572021484375,0.03570556640625,0.95867919921875,4.8150634765625,-3.66363525390625,-0.859832763671875,1,1.0,1.0,1.0,1.0,80.00
2019-06-29 13:53:09,,,,,,,,,,,,,,,,,,,,,,,,,,,,,,,,,,,,,,/muse/elements/blink
2019-06-29 13:53:09.710,0.6383846,0.6471745,0.5619336,0.78070015,0.5779518,0.27169436,0.13636342,0.380576,0.76378876,0.3623784,0.2070379,0.5414364,0.43305397,-0.0064090746,-0.06865953,0.34293205,0.046906658,-0.408548,-0.5463748,-0.02252777,836.4835,826.4103,810.293,832.0513,1007.326,-0.25860595703125,0.033203125,0.95916748046875,4.388885498046875,-3.686065673828125,-0.8074951171875,1,1.0,1.0,1.0,1.0,80.00
2019-06-29 13:53:10,,,,,,,,,,,,,,,,,,,,,,,,,,,,,,,,,,,,,,/muse/elements/blink
2019-06-29 13:53:10.761,0.825187,0.6107942,0.3916575,0.7816714,0.54114723,0.043486148,0.27207655,0.17358693,0.43929535,0.3004416,0.25454068,0.62686765,0.36204767,-0.09113186,-0.18817692,0.0898839,-0.09423819,-0.509986,-0.47514883,-0.10014212,776.4469,833.663,819.9634,771.6117,880.40295,-0.256103515625,0.03094482421875,0.96087646484375,4.7552490234375,-3.050537109375,-0.2093505859375,1,1.0,1.0,1.0,1.0,80.00
2019-06-29 13:53:11.793,0.97525674,0.70214975,0.6531909,1.0237889,0.22643559,0.0774924,-0.03496497,0.39726642,0.43951306,-0.011217148,0.18822107,0.6544046,0.2989996,-0.19929595,-0.109485455,0.19775045,-0.14790362,-0.60042566,-0.38166505,-0.22864908,947.28937,821.5751,812.71063,927.1429,1153.1868,-0.25677490234375,0.03680419921875,0.9595947265625,4.91973876953125,-4.08233642578125,-0.725250244140625,1,1.0,1.0,1.0,1.0,80.00
2019-06-29 13:53:12,,,,,,,,,,,,,,,,,,,,,,,,,,,,,,,,,,,,,,/muse/elements/blink
2019-06-29 13:53:12.826,0.831755,0.44663918,0.46539932,0.9226544,0.14895228,-0.0032862145,-0.10063731,0.40815225,0.6094188,0.21193178,0.25469977,0.62769926,0.3870191,-0.07794033,-0.15181823,0.2698736,-0.055344164,-0.52499884,-0.3791519,-0.20013492,691.4286,815.12823,798.60803,714.3956,404.94507,-0.25787353515625,0.03594970703125,0.9564208984375,4.957122802734375,-4.11224365234375,-0.785064697265625,1,1.0,1.0,1.0,1.0,80.00
2019-06-29 13:53:13,,,,,,,,,,,,,,,,,,,,,,,,,,,,,,,,,,,,,,/muse/elements/blink
2019-06-29 13:53:13.852,1.0515976,0.6018291,0.47890127,1.2379873,0.35738796,-0.038902655,-0.072636455,0.68055266,0.78133047,0.23810312,0.009215907,0.5553702,0.47352156,-0.020429427,-0.028721606,0.23762536,-0.04577464,-0.46307963,-0.42962587,-0.14955221,705.9341,829.6337,806.6667,727.28937,318.31503,-0.26080322265625,0.041259765625,0.95343017578125,4.62066650390625,-3.940277099609375,-1.24114990234375,1,1.0,1.0,1.0,1.0,80.00
2019-06-29 13:53:14.857,1.2495425,0.58400184,0.33651903,1.4014769,0.57945186,-0.06174108,-0.09433067,0.7477101,0.8420582,0.12249575,0.04184953,0.72961026,0.41146234,-0.043273136,-0.022855798,0.22911896,0.019591672,-0.5751814,-0.520964,-0.10322467,975.4945,829.2308,815.12823,943.2601,1088.3151,-0.2601318359375,0.043212890625,0.9578857421875,4.4561767578125,-3.60382080078125,-1.09161376953125,1,1.0,1.0,1.0,1.0,80.00
2019-06-29 13:53:15,,,,,,,,,,,,,,,,,,,,,,,,,,,,,,,,,,,,,,/muse/elements/blink
2019-06-29 13:53:15.898,0.7738071,0.049008336,0.053777337,0.7382215,0.27738422,-0.082455374,-0.28718176,0.074858196,0.734165,0.17200683,0.15326683,0.7067836,0.17109478,0.048761375,-0.06644621,0.25657907,0.013326226,-0.5648478,-0.5981144,-0.09508699,706.7399,826.0073,814.7253,727.28937,586.6667,-0.25665283203125,0.033203125,0.95733642578125,4.91973876953125,-3.94775390625,-0.904693603515625,1,1.0,1.0,1.0,1.0,80.00
2019-06-29 13:53:16,,,,,,,,,,,,,,,,,,,,,,,,,,,,,,,,,,,,,,/muse/elements/blink
2019-06-29 13:53:16.922,0.5870422,-0.14882933,0.19609569,0.72265697,0.31475633,-0.027405454,-0.21156923,0.2845864,0.75117517,0.14769721,0.18153581,0.75285476,0.24092802,-0.1542013,-0.11381345,0.22629395,0.050397847,-0.45449314,-0.42441693,-0.08118508,940.0366,827.2161,816.7399,921.9048,814.7253,-0.25909423828125,0.03936767578125,0.95721435546875,4.628143310546875,-3.54400634765625,-0.9869384765625,1,1.0,1.0,1.0,1.0,80.00
2019-06-29 13:53:17.955,0.40932968,-0.0706281,0.09333918,0.28737494,0.2909427,-0.13065974,-0.062634535,0.20432691,0.8454061,0.20318793,0.31065896,0.8350135,0.37925863,-0.22290193,0.023969868,0.29932925,0.0497377,-0.4705324,-0.5503716,-0.010333174,777.6557,828.4249,813.5165,783.2967,817.5458,-0.25762939453125,0.0374755859375,0.9664306640625,4.867401123046875,-4.3365478515625,-0.680389404296875,1,1.0,1.0,1.0,1.0,80.00
2019-06-29 13:53:18,,,,,,,,,,,,,,,,,,,,,,,,,,,,,,,,,,,,,,/muse/elements/blink
2019-06-29 13:53:18.990,0.5732319,0.07356298,0.45143658,0.37799516,0.21868922,0.05561541,0.049369983,-0.026616571,0.62970126,0.11816094,-0.024167355,0.43456656,0.3778857,-0.12947948,-0.046288215,0.44500557,0.09083245,-0.581844,-0.48132795,0.01897089,817.5458,823.5897,809.4872,817.1429,554.43225,-0.25750732421875,0.03485107421875,0.959228515625,4.8150634765625,-3.925323486328125,-0.88226318359375,1,1.0,1.0,1.0,1.0,80.00
2019-06-29 13:53:19,,,,,,,,,,,,,,,,,,,,,,,,,,,,,,,,,,,,,,/muse/elements/blink
2019-06-29 13:53:20.023,0.8883408,0.24252753,0.38892445,0.67251945,0.40855554,0.30253986,0.2069946,0.31481227,0.53707397,0.078301385,0.03735391,0.52666193,0.41297728,-0.09180222,-0.03631593,0.30108276,-0.037738536,-0.48777136,-0.5183181,-0.18844016,904.9817,821.1722,817.1429,884.0293,1166.4835,-0.25665283203125,0.035888671875,0.95635986328125,5.54779052734375,-4.14215087890625,-0.0299072265625,1,1.0,1.0,1.0,1.0,80.00
2019-06-29 13:53:21.068,0.95568854,0.70315224,0.7527111,0.81803286,0.38920286,0.20115635,0.3648423,0.16186796,0.84801555,0.14054154,0.17894323,0.48026592,0.27038017,-0.011723957,-0.11489424,0.18735696,-0.07842004,-0.45464432,-0.32201353,-0.070080824,835.6777,825.2015,812.3077,826.4103,958.1685,-0.254638671875,0.0361328125,0.961669921875,4.83001708984375,-3.985137939453125,-0.28411865234375,1,1.0,1.0,1.0,1.0,80.00
2019-06-29 13:53:21,,,,,,,,,,,,,,,,,,,,,,,,,,,,,,,,,,,,,,/muse/elements/blink
2019-06-29 13:53:22.114,0.6795121,0.6330001,0.68393564,0.8893127,0.4160962,0.018660292,0.1628514,0.3739762,0.9076307,0.06463359,0.35028276,0.92586964,0.19993906,-0.15665214,-0.26515177,0.21802238,-0.13195586,-0.5252759,-0.4052799,-0.11611781,968.24176,824.7985,815.12823,941.2454,1042.381,-0.25372314453125,0.0301513671875,0.95880126953125,4.88983154296875,-4.05242919921875,-1.084136962890625,1,1.0,1.0,1.0,1.0,80.00
2019-06-29 13:53:23,,,,,,,,,,,,,,,,,,,,,,,,,,,,,,,,,,,,,,/muse/elements/blink
2019-06-29 13:53:23.136,0.4899624,0.7080139,0.5839663,0.6156264,0.47000954,0.09636366,0.27403674,0.4222638,1.0275258,-0.008613304,0.3857639,1.1638027,0.29283836,-0.07709217,-0.14948976,0.21376416,-0.16431278,-0.6579999,-0.5261016,-0.14507034,845.7509,823.1868,809.0842,838.0952,573.36993,-0.2550048828125,0.0335693359375,0.96051025390625,4.6954345703125,-4.015045166015625,-0.620574951171875,1,1.0,1.0,1.0,1.0,80.00
2019-06-29 13:53:23,,,,,,,,,,,,,,,,,,,,,,,,,,,,,,,,,,,,,,/muse/elements/blink
2019-06-29 13:53:24.173,0.76149523,0.7916007,0.86148965,1.0676587,0.3670547,0.1834108,0.30710799,0.5841698,0.8679802,0.12174305,0.31014928,0.9293935,0.40537232,-0.08739257,0.05070348,0.2773172,-0.08886987,-0.65964603,-0.63191354,-0.13719438,910.2198,826.4103,799.81683,872.3443,734.1392,-0.25372314453125,0.038330078125,0.9547119140625,4.77020263671875,-4.20196533203125,-0.64300537109375,1,1.0,1.0,1.0,1.0,80.00
2019-06-29 13:53:24,,,,,,,,,,,,,,,,,,,,,,,,,,,,,,,,,,,,,,/muse/elements/blink
2019-06-29 13:53:25.185,0.49925745,0.09850933,0.59342176,0.98130745,0.1902115,-0.2794806,0.24872924,0.36151913,0.81798726,0.08410001,0.44268027,0.6727085,0.3917288,-0.11113155,-0.022069573,0.3228165,-0.15985946,-0.69553864,-0.5142763,-0.20336588,712.381,821.978,811.50183,740.989,384.79852,-0.256103515625,0.0347900390625,0.95440673828125,4.867401123046875,-4.5159912109375,-0.7476806640625,1,1.0,1.0,1.0,1.0,80.00
2019-06-29 13:53:26.245,0.9138673,-0.18234512,0.5904218,1.0053468,0.19189304,-0.46098635,0.26157278,0.18455046,0.76090056,0.08032799,0.4701462,0.5276681,0.4078076,-0.13763076,-0.10154832,0.19198173,-0.14237325,-0.73640436,-0.5246909,-0.29635158,761.9414,841.7216,790.54944,762.74725,422.27106,-0.255126953125,0.03460693359375,0.9544677734375,4.246826171875,-4.20196533203125,-1.45050048828125,1,1.0,1.0,1.0,1.0,80.00
2019-06-29 13:53:26,,,,,,,,,,,,,,,,,,,,,,,,,,,,,,,,,,,,,,/muse/elements/blink
2019-06-29 13:53:27.280,1.0553261,0.77757555,0.7172807,1.0400344,0.2958312,0.10448012,0.2880167,0.30493507,0.6024563,0.08823653,0.18222667,0.5211577,0.12550542,-0.17525351,-0.058480702,0.22974437,-0.06434644,-0.555665,-0.48960555,-0.20600705,707.5458,817.9487,801.8315,730.9158,477.47253,-0.2491455078125,0.03424072265625,0.95733642578125,4.5458984375,-4.717864990234375,-0.61309814453125,1,1.0,1.0,1.0,1.0,80.00
2019-06-29 13:53:27,,,,,,,,,,,,,,,,,,,,,,,,,,,,,,,,,,,,,,/muse/elements/blink
2019-06-29 13:53:28.292,1.1629325,0.67070055,0.6070988,1.1443812,0.18495288,0.00730476,0.0017744976,0.30552587,0.82344884,-0.09184351,0.27239722,0.49730372,0.2052366,-0.027839601,0.005345857,0.3581757,-0.18677321,-0.57263696,-0.6921734,-0.24887022,910.2198,828.4249,805.8608,895.7143,944.4689,-0.24969482421875,0.03546142578125,0.95880126953125,4.80010986328125,-4.508514404296875,-1.256103515625,1,1.0,1.0,1.0,1.0,80.00
2019-06-29 13:53:29.331,1.1000218,0.19477618,0.0031407773,1.0699278,0.40715173,-0.042873826,-0.0967069,0.46226195,0.7132183,-0.14770848,0.13821404,0.8478846,0.1331674,-0.16734774,-0.045572925,0.19216691,-0.24085984,-0.6147798,-0.54843867,-0.28994924,771.6117,821.5751,803.0403,769.59705,820.3663,-0.2628173828125,0.03375244140625,0.958251953125,4.65057373046875,-3.686065673828125,-0.261688232421875,1,1.0,1.0,1.0,1.0,80.00
2019-06-29 13:53:29,,,,,,,,,,,,,,,,,,,,,,,,,,,,,,,,,,,,,,/muse/elements/blink
2019-06-29 13:53:30.350,1.0840776,0.041333225,-0.06162422,1.119739,0.50029546,0.010653665,-0.037050158,0.40053874,0.9668666,0.09661151,0.13451383,0.74502575,0.32243505,-0.17886798,-0.27572408,0.060889952,-0.12628545,-0.5590527,-0.50728476,-0.2294624,821.978,823.5897,804.2491,813.91943,485.1282,-0.25946044921875,0.0389404296875,0.95745849609375,4.777679443359375,-4.18701171875,-0.829925537109375,1,1.0,1.0,1.0,1.0,80.00
2019-06-29 13:53:30,,,,,,,,,,,,,,,,,,,,,,,,,,,,,,,,,,,,,,/muse/elements/blink
2019-06-29 13:53:31.360,0.78592765,0.35320354,0.3366831,0.6525115,0.5563118,0.058031656,0.16230953,0.23721884,1.045371,0.10324415,0.2019056,0.77643496,0.38244525,-0.08856524,-0.23885077,0.2126024,-0.07759742,-0.5841496,-0.42692935,-0.20863985,876.77655,827.2161,813.91943,867.50916,1142.7106,-0.25872802734375,0.0372314453125,0.95794677734375,4.77020263671875,-4.05242919921875,-0.844879150390625,1,1.0,1.0,1.0,1.0,80.00
2019-06-29 13:53:32.384,0.58647335,0.56702083,0.58106977,0.6002737,0.39712605,-0.1218972,0.19120313,0.37237704,0.95708543,-0.069702625,0.19973005,0.8287984,0.3873657,0.14414825,-0.21403335,0.282472,0.007305207,-0.588197,-0.459547,-0.20035459,817.9487,826.8132,796.1905,815.5311,915.4579,-0.26025390625,0.04150390625,0.95947265625,4.9945068359375,-4.11224365234375,-0.5682373046875,1,1.0,1.0,1.0,1.0,80.00
2019-06-29 13:53:32,,,,,,,,,,,,,,,,,,,,,,,,,,,,,,,,,,,,,,/muse/elements/blink
2019-06-29 13:53:33.402,0.88266045,0.8737641,0.93466794,0.8219961,0.4094577,0.008257792,0.0364927,0.28597388,0.79046994,0.05579124,0.085539155,0.50479996,0.38659772,0.06303061,-0.24821328,0.16280985,-0.099998176,-0.57606685,-0.7349913,-0.30719283,765.16486,822.7839,800.6227,776.8498,346.52014,-0.2574462890625,0.04302978515625,0.957763671875,4.77020263671875,-3.790740966796875,-0.897216796875,1,1.0,1.0,1.0,1.0,80.00
2019-06-29 13:53:34,,,,,,,,,,,,,,,,,,,,,,,,,,,,,,,,,,,,,,/muse/elements/blink
2019-06-29 13:53:34.430,0.9852373,0.47113904,0.62292695,0.83237565,0.48918605,-0.19039759,0.034713455,0.3082798,0.41501674,0.14775619,0.0818908,0.6146264,0.47432092,-0.10540917,-0.20574304,0.20245041,-0.12413924,-0.6678112,-0.50217205,-0.26281583,831.2454,815.12823,807.47253,834.0659,536.30035,-0.261474609375,0.0445556640625,0.95831298828125,4.448699951171875,-4.17205810546875,-1.21124267578125,1,1.0,1.0,1.0,1.0,80.00
2019-06-29 13:53:35.463,0.64242595,-0.08684091,0.020961398,0.7621127,0.3112304,-0.22175245,-0.024876371,0.41561553,0.5210285,0.074286744,0.037241787,0.7401104,0.47782785,-0.1227194,-0.15885916,0.32563046,-0.17813028,-0.6401491,-0.40109903,-0.17272455,714.7985,815.12823,801.02563,731.31866,378.75458,-0.257568359375,0.04937744140625,0.960205078125,5.00946044921875,-3.48419189453125,-0.1495361328125,1,1.0,1.0,1.0,1.0,80.00
2019-06-29 13:53:35,,,,,,,,,,,,,,,,,,,,,,,,,,,,,,,,,,,,,,/muse/elements/blink
2019-06-29 13:53:36.482,0.68517023,-0.12178944,0.14575256,0.7790563,0.05126965,-0.37092748,-0.24437754,0.24474035,0.5861478,-0.008964131,0.17845975,0.84636796,0.47825983,-0.12588206,0.0048895837,0.3761955,0.3356112,-0.65432084,-0.5705628,0.24512197,968.6447,822.381,804.2491,934.3956,1296.227,-0.25848388671875,0.0443115234375,0.95745849609375,4.732818603515625,-4.015045166015625,-0.800018310546875,1,1.0,1.0,1.0,1.0,80.00
2019-06-29 13:53:37,,,,,,,,,,,,,,,,,,,,,,,,,,,,,,,,,,,,,,/muse/elements/blink
2019-06-29 13:53:37.534,0.6041298,-0.11313469,0.026448432,1.4506869,0.3736094,-0.27202094,-0.29662955,0.8260691,0.6994562,0.15425752,0.27779797,0.9566067,0.408704,-0.19848008,0.032202322,0.39464417,0.3178797,-0.62421256,-0.5855869,0.27058038,705.9341,812.71063,802.23444,740.18317,376.337,-0.25921630859375,0.04241943359375,0.95953369140625,4.47113037109375,-4.0972900390625,-1.1962890625,1,1.0,1.0,1.0,1.0,80.00
2019-06-29 13:53:38.586,0.6093308,-0.16284463,0.30281857,1.5006876,0.34513587,0.01684609,-0.23012356,0.8816733,0.7901448,0.18389732,0.22661328,0.9064412,0.21351618,-0.15253444,-0.049365807,0.3804465,-0.12103169,-0.49960542,-0.6870725,-0.06373723,728.9011,825.2015,798.60803,755.89746,345.31134,-0.25885009765625,0.04327392578125,0.95965576171875,4.8150634765625,-4.344024658203125,-0.95703125,1,1.0,1.0,1.0,1.0,80.00
2019-06-29 13:53:38,,,,,,,,,,,,,,,,,,,,,,,,,,,,,,,,,,,,,,/muse/elements/blink
2019-06-29 13:53:39.612,0.8598024,-0.05240995,0.40321153,0.8832719,0.37831104,-0.18430206,-0.08923729,0.30767283,1.0418521,0.119916245,0.0030865816,0.7304746,0.40155885,-0.11169709,-0.21225339,0.28905043,-0.092221536,-0.41802898,-0.4959175,0.010110137,740.58606,813.91943,801.8315,761.53845,806.26373,-0.2613525390625,0.037109375,0.95697021484375,4.94964599609375,-4.209442138671875,-0.58319091796875,1,1.0,1.0,1.0,1.0,80.00
2019-06-29 13:53:40,,,,,,,,,,,,,,,,,,,,,,,,,,,,,,,,,,,,,,/muse/elements/blink
2019-06-29 13:53:40.635,0.47048917,0.010287326,0.2275034,0.5033401,0.5266494,0.13231389,-0.19983807,0.14291452,1.0303408,0.08278586,-0.1615466,0.62108004,0.32211757,-0.0562329,-0.27877492,0.2725948,-0.08699383,-0.42566508,-0.49198857,-0.036213607,824.3956,815.5311,798.20514,828.8278,562.0879,-0.25933837890625,0.03790283203125,0.9580078125,4.702911376953125,-3.641204833984375,-1.128997802734375,1,1.0,1.0,1.0,1.0,80.00
2019-06-29 13:53:41.686,0.15001954,-0.14939046,-0.1351417,0.043465465,0.23183486,-0.045300715,-0.0666132,0.2741137,0.86996406,0.25274616,0.02347151,1.0057623,0.32017466,-0.13505128,-0.16136952,0.27151647,-0.07029616,-0.49520552,-0.4837522,-0.19430044,871.13556,823.9927,796.1905,861.8681,1034.3224,-0.2576904296875,0.031982421875,0.954833984375,4.867401123046875,-3.78326416015625,-0.695343017578125,1,1.0,1.0,1.0,1.0,80.00
2019-06-29 13:53:41,,,,,,,,,,,,,,,,,,,,,,,,,,,,,,,,,,,,,,/muse/elements/blink
2019-06-29 13:53:42.701,0.5261961,0.064241886,-0.06234578,0.27765238,0.21285646,-0.31300762,0.22664809,0.29972258,0.7445339,0.17202294,0.3014098,0.98578894,0.34850237,-0.23177886,-0.23564777,0.3825494,-0.06600826,-0.50448805,-0.47775304,-0.13829555,728.9011,819.15753,795.38464,748.24176,349.7436,-0.25860595703125,0.0404052734375,0.96044921875,4.90478515625,-4.164581298828125,-1.03179931640625,1,1.0,1.0,1.0,1.0,75.00
2019-06-29 13:53:43,,,,,,,,,,,,,,,,,,,,,,,,,,,,,,,,,,,,,,/muse/elements/blink
2019-06-29 13:53:43.735,0.85842854,0.5522548,0.91117215,1.1151637,0.36893782,0.064746924,0.24411015,0.51769465,0.5016489,0.14606486,0.42779717,0.62310016,0.22428098,-0.19936317,-0.108081535,0.32679555,-0.13731475,-0.35518906,-0.49380562,-0.16323027,786.9231,817.1429,802.6374,805.05493,480.69598,-0.26373291015625,0.0374755859375,0.958984375,5.00946044921875,-4.134674072265625,-1.084136962890625,1,1.0,1.0,1.0,1.0,75.00
2019-06-29 13:53:44.768,0.92303884,0.3169519,0.76500696,1.0924274,0.5054912,-0.17632733,0.081120014,0.44024274,0.78344196,0.18149637,0.4031352,0.6856092,0.28806853,-0.17122383,-0.11454981,0.072714776,-0.13269871,-0.33110687,-0.42076916,-0.18375763,711.1722,821.978,811.50183,737.76556,487.54578,-0.25732421875,0.037109375,0.95703125,4.927215576171875,-3.790740966796875,-0.7476806640625,1,1.0,1.0,1.0,1.0,75.00
2019-06-29 13:53:44,,,,,,,,,,,,,,,,,,,,,,,,,,,,,,,,,,,,,,/muse/elements/blink
2019-06-29 13:53:45.810,1.1908106,-0.1437849,0.60042244,1.2664323,0.6191508,-0.23129721,-0.07353869,0.43923062,0.79075295,-0.12170868,0.34538642,0.5026055,0.26644617,-0.06685457,0.0022542584,0.075676985,-0.07606491,-0.37568703,-0.39848122,-0.09507967,846.1539,815.9341,800.6227,840.5128,992.4176,-0.2574462890625,0.0413818359375,0.9609375,4.643096923828125,-4.852447509765625,-0.3887939453125,1,1.0,1.0,1.0,1.0,75.00
2019-06-29 13:53:46,,,,,,,,,,,,,,,,,,,,,,,,,,,,,,,,,,,,,,/muse/elements/blink
2019-06-29 13:53:46.834,0.5988234,-0.040758666,0.20481041,0.5953278,0.23344429,-0.21651089,-0.28287745,-0.023238545,0.8521486,0.0070638917,0.28417385,0.62019885,0.24176688,-0.0753064,-0.10327076,0.16242205,-0.10596664,-0.50012815,-0.38655323,-0.086634964,773.6264,819.15753,797.8022,774.43225,896.1172,-0.25909423828125,0.04339599609375,0.956298828125,5.00946044921875,-3.75335693359375,-0.82244873046875,1,1.0,1.0,1.0,1.0,75.00
2019-06-29 13:53:47.844,0.6982293,0.032190308,0.057465255,0.74980384,0.5094433,-0.21413083,-0.14787187,0.34448683,0.84816676,0.1269541,-0.05345693,0.69439816,0.19508074,-0.15674023,-0.0907054,0.08318912,-0.07262887,-0.55783045,-0.48587337,-0.18511933,787.72894,819.9634,792.96704,795.38464,552.8205,-0.251708984375,0.0435791015625,0.956298828125,4.837493896484375,-4.418792724609375,-0.97198486328125,1,1.0,1.0,1.0,1.0,75.00
2019-06-29 13:53:48,,,,,,,,,,,,,,,,,,,,,,,,,,,,,,,,,,,,,,/muse/elements/blink
2019-06-29 13:53:48.859,0.77003247,-0.40948436,-0.022798225,0.784635,0.3953227,-0.29850268,-0.09686222,0.09961777,1.0283282,0.18649499,0.12527597,0.7632179,0.27518365,-0.098390676,-0.15614255,0.04011898,-0.061062302,-0.596442,-0.4358676,-0.2533953,918.68134,821.5751,803.44324,892.49084,1101.2087,-0.25848388671875,0.0511474609375,0.95562744140625,4.717864990234375,-4.08233642578125,-0.58319091796875,1,1.0,1.0,1.0,1.0,75.00
2019-06-29 13:53:49,,,,,,,,,,,,,,,,,,,,,,,,,,,,,,,,,,,,,,/muse/elements/blink
2019-06-29 13:53:49.897,0.6592964,-0.17578344,0.055339836,0.42172927,0.4293083,-0.1567489,-0.079159744,0.25034478,0.94218606,0.16560678,0.05138319,0.96991575,0.3421659,-0.14016582,-0.13580915,0.2825111,-0.0132114515,-0.536919,-0.45227656,-0.10147931,859.45056,812.3077,801.8315,852.1978,1027.8755,-0.2576904296875,0.039794921875,0.95343017578125,4.11224365234375,-4.299163818359375,-1.3458251953125,1,1.0,1.0,1.0,1.0,75.00
2019-06-29 13:53:50.903,0.74567676,-0.13699642,-0.0761394,0.5910447,0.35777953,-0.3047893,0.049847502,0.40215224,0.9160042,0.039511103,0.131362,0.86186767,0.41263425,-0.15370935,-0.0774054,0.4089955,-0.07953855,-0.47483748,-0.65339625,-0.19620444,953.73627,812.71063,799.41394,933.5897,931.978,-0.26031494140625,0.045166015625,0.95391845703125,4.777679443359375,-3.648681640625,-0.9271240234375,1,1.0,1.0,1.0,1.0,75.00
2019-06-29 13:53:51,,,,,,,,,,,,,,,,,,,,,,,,,,,,,,,,,,,,,,/muse/elements/blink
2019-06-29 13:53:51.946,0.78782815,-0.07994245,-0.072729096,0.7766209,0.2833605,-0.1327992,-0.074568585,0.45040166,0.83587575,0.045642294,0.0696318,0.8869658,0.51500875,-0.014482224,-0.0131123485,0.4008393,-0.0058120447,-0.4629876,-0.6265434,-0.09589261,981.53845,816.337,799.41394,953.73627,1140.2931,-0.2598876953125,0.046875,0.954833984375,4.9945068359375,-4.08233642578125,-0.844879150390625,1,1.0,1.0,1.0,1.0,75.00
2019-06-29 13:53:52,,,,,,,,,,,,,,,,,,,,,,,,,,,,,,,,,,,,,,/muse/elements/blink
2019-06-29 13:53:52.967,0.92155105,0.1682675,0.38990292,0.8352201,0.17283766,-0.14884153,-0.06841129,0.08991781,0.8991621,0.24131237,0.221584,0.5414569,0.4649145,0.111172274,-0.08041099,0.3036989,0.04156646,-0.51165706,-0.56639284,-0.03891126,697.8755,820.3663,801.4286,723.663,402.52747,-0.26251220703125,0.04315185546875,0.95263671875,4.306640625,-3.581390380859375,-1.323394775390625,1,1.0,1.0,1.0,1.0,80.00
2019-06-29 13:53:53.992,0.5952737,0.065030016,0.1577125,0.33089292,0.18666084,-0.46962726,-0.3246252,-0.07923492,0.554062,0.12750265,0.20276606,0.48104843,0.4177519,0.0017918285,-0.058320496,0.24958034,-0.05731274,-0.6908152,-0.6327823,-0.1449085,881.6117,817.1429,794.57874,862.27106,708.3516,-0.26141357421875,0.04901123046875,0.9591064453125,5.405731201171875,-3.940277099609375,-0.91217041015625,1,1.0,1.0,1.0,1.0,80.00
2019-06-29 13:53:54,,,,,,,,,,,,,,,,,,,,,,,,,,,,,,,,,,,,,,/muse/elements/blink
2019-06-29 13:53:55.044,0.73206806,-0.05970866,0.10623864,0.53622,0.14189653,-0.32850873,-0.3378741,0.03249478,0.68325126,0.023508208,0.26010913,0.6302759,0.30725363,-0.13617733,-0.07121196,0.216187,0.09871478,-0.6384548,-0.5657646,-0.052525956,942.4542,811.50183,791.75824,919.4872,948.49817,-0.2591552734375,0.0462646484375,0.9593505859375,4.882354736328125,-3.656158447265625,-1.114044189453125,1,1.0,1.0,1.0,1.0,80.00
2019-06-29 13:53:56.088,0.7242499,-0.03179639,0.040501293,0.5499884,0.41447675,-0.09977674,0.06484956,0.43640336,0.690938,0.14136244,0.15915167,0.80610466,0.101776704,-0.24968025,-0.060004056,0.19687115,0.051698007,-0.5669709,-0.5410055,0.011237822,778.0586,813.91943,799.41394,800.6227,396.88644,-0.256591796875,0.0478515625,0.9498291015625,4.53094482421875,-4.47113037109375,-1.398162841796875,1,1.0,1.0,1.0,1.0,80.00
2019-06-29 13:53:56,,,,,,,,,,,,,,,,,,,,,,,,,,,,,,,,,,,,,,/muse/elements/blink
2019-06-29 13:53:57.103,1.0037934,0.24662054,0.10597605,0.6980134,0.4157922,-0.1318509,0.19402032,0.5433621,0.41497657,0.117861554,0.093227364,0.8161953,0.23291655,-0.18135372,-0.015308448,0.3168143,-0.15807354,-0.6367503,-0.35867068,-0.10954269,756.30035,803.44324,796.5934,781.28204,518.97437,-0.25726318359375,0.04351806640625,0.95538330078125,4.732818603515625,-4.314117431640625,-0.366363525390625,1,1.0,1.0,1.0,1.0,80.00
