TimeStamp,Delta_TP9,Delta_AF7,Delta_AF8,Delta_TP10,Theta_TP9,Theta_AF7,Theta_AF8,Theta_TP10,Alpha_TP9,Alpha_AF7,Alpha_AF8,Alpha_TP10,Beta_TP9,Beta_AF7,Beta_AF8,Beta_TP10,Gamma_TP9,Gamma_AF7,Gamma_AF8,Gamma_TP10,RAW_TP9,RAW_AF7,RAW_AF8,RAW_TP10,AUX_RIGHT,Accelerometer_X,Accelerometer_Y,Accelerometer_Z,Gyro_X,Gyro_Y,Gyro_Z,HeadBandOn,HSI_TP9,HSI_AF7,HSI_AF8,HSI_TP10,Battery,Elements
2019-06-29 13:51:24.388,1.4152602,0.7679004,0.6328173,1.4123445,0.876774,-0.17815779,-0.08680695,1.0837148,0.9433042,-0.055764593,0.25257972,0.9264261,0.72216266,-0.030681597,-0.063765585,0.50800526,0.5481268,-0.16401613,-0.3051114,0.122351654,657.98535,816.7399,821.1722,670.4762,386.00732,-0.1514892578125,0.12457275390625,0.96966552734375,4.486083984375,-3.9178466796875,-0.934600830078125,1,1.0,1.0,1.0,1.0,80.00
2019-06-29 13:51:25,,,,,,,,,,,,,,,,,,,,,,,,,,,,,,,,,,,,,,/muse/elements/blink
2019-06-29 13:51:25.439,1.5156913,0.46306813,0.4648857,1.4191352,0.9457046,-0.22715548,0.014952531,1.0849323,0.92837566,0.023285111,0.23555635,0.96742666,0.7899785,-0.16777015,-0.08496106,0.41463804,0.55888915,-0.481601,-0.6504608,0.25822234,1032.3077,819.5604,811.50183,960.18317,1085.4945,-0.14752197265625,0.11871337890625,0.96795654296875,2.953338623046875,-4.7552490234375,-2.6617431640625,1,1.0,1.0,1.0,1.0,80.00
2019-06-29 13:51:26,,,,,,,,,,,,,,,,,,,,,,,,,,,,,,,,,,,,,,/muse/elements/blink
2019-06-29 13:51:26.475,1.5156913,0.5851272,0.5708611,1.2086229,0.9457046,0.08910051,0.21222909,0.706463,0.92837566,0.2324743,0.27450633,1.028045,0.7899785,-0.079070754,-0.06025584,0.5193379,0.55888915,-0.23354249,-0.4636412,0.614245,699.89014,838.9011,821.1722,680.14655,307.43588,-0.15283203125,0.10986328125,0.9730224609375,4.725341796875,-3.96270751953125,-0.9271240234375,1,1.0,1.0,1.0,1.0,80.00
2019-06-29 13:51:27.490,0.6871983,0.5064992,0.28606206,1.2535458,0.42337143,0.19584891,-0.041882746,1.2913597,0.87617475,0.14223564,0.016857201,0.8742318,0.31860462,-0.13743936,-0.17928374,0.33393583,0.045746386,-0.39780322,-0.3831028,0.22624074,633.00366,817.1429,823.9927,645.09155,416.63004,-0.149658203125,0.1114501953125,0.97491455078125,4.957122802734375,-4.463653564453125,-1.308441162109375,1,1.0,1.0,1.0,1.0,80.00
2019-06-29 13:51:27,,,,,,,,,,,,,,,,,,,,,,,,,,,,,,,,,,,,,,/muse/elements/blink
2019-06-29 13:51:28.525,0.6447736,0.30144328,-0.08854673,1.2660643,0.44274896,0.10618377,-0.13355266,1.2428981,0.87023586,0.1651206,-0.009606114,0.741133,0.37667438,-0.075225204,-0.28092965,0.37493315,0.015209042,-0.503965,-0.52181315,0.0747213,709.5604,803.8461,830.0366,731.31866,404.94507,-0.1519775390625,0.11309814453125,0.9710693359375,4.792633056640625,-4.104766845703125,-0.725250244140625,1,1.0,1.0,1.0,1.0,80.00
2019-06-29 13:51:29,,,,,,,,,,,,,,,,,,,,,,,,,,,,,,,,,,,,,,/muse/elements/blink
2019-06-29 13:51:29.545,0.64239866,0.22413856,0.63305026,1.0269712,0.20298395,0.24137428,0.15658271,0.36815187,0.7810466,0.33762404,0.23200898,0.9094445,0.43018508,-0.073613755,-0.20168982,0.3385498,0.069605626,-0.4391878,-0.47199357,0.07288452,637.03296,815.12823,821.5751,658.7912,595.9341,-0.14892578125,0.1158447265625,0.97418212890625,4.717864990234375,-4.658050537109375,-1.1065673828125,1,1.0,1.0,1.0,1.0,80.00
2019-06-29 13:51:30,,,,,,,,,,,,,,,,,,,,,,,,,,,,,,,,,,,,,,/muse/elements/blink
2019-06-29 13:51:30.589,0.44950473,0.29783028,0.79778045,0.35109437,0.23800077,0.069447026,0.22738098,0.09830907,0.6859614,0.20630074,0.5043359,0.8280161,0.28814209,-0.09511606,-0.04124986,0.21426196,0.009407765,-0.43254104,-0.5822562,-0.026217474,726.08057,811.9048,819.9634,732.1245,370.69598,-0.15142822265625,0.1136474609375,0.97247314453125,4.306640625,-4.239349365234375,-1.06170654296875,1,1.0,1.0,1.0,1.0,80.00
2019-06-29 13:51:31.613,0.97197676,0.30145615,0.633393,0.9306053,0.4339476,-0.07011584,-0.3015141,0.36044297,0.6963436,0.10943872,0.35237956,0.84140176,0.44262755,-0.0444132,-0.11665949,0.36895272,0.03897605,-0.44560754,-0.49417928,-0.01349918,661.2088,819.15753,834.87177,681.75824,369.48718,-0.14947509765625,0.11181640625,0.97607421875,4.7552490234375,-4.209442138671875,-0.934600830078125,1,1.0,1.0,1.0,1.0,80.00
2019-06-29 13:51:31,,,,,,,,,,,,,,,,,,,,,,,,,,,,,,,,,,,,,,/muse/elements/blink
2019-06-29 13:51:32.644,1.1504384,0.31353664,0.75885195,1.0856527,0.22373979,-0.34465742,-0.34067497,0.21803711,0.6730951,0.21507746,0.048845388,0.97575575,0.3712877,0.04893098,-0.21208611,0.35169542,0.04705104,-0.31110677,-0.4639182,-0.021691183,738.97437,823.1868,829.2308,752.674,391.24542,-0.1468505859375,0.11383056640625,0.9754638671875,4.71038818359375,-4.11224365234375,-1.21124267578125,1,1.0,1.0,1.0,1.0,80.00
2019-06-29 13:51:33,,,,,,,,,,,,,,,,,,,,,,,,,,,,,,,,,,,,,,/muse/elements/blink
2019-06-29 13:51:33.674,0.88595563,0.6204664,0.85762006,0.99914825,0.26332918,0.24947728,0.18792303,0.45680532,0.6796603,0.33590433,0.32079542,0.7037812,0.28623804,0.10047612,-0.03490577,0.286331,0.068018794,-0.46803108,-0.42074904,0.08486618,875.56775,824.7985,823.5897,854.21246,1102.8206,-0.14501953125,0.1136474609375,0.97015380859375,4.702911376953125,-4.26177978515625,-0.964508056640625,1,1.0,1.0,1.0,1.0,80.00
2019-06-29 13:51:34.715,1.1067795,0.76584643,1.0573747,1.2588514,0.6455539,0.42400238,0.091434434,0.6531151,0.7367065,0.22424795,0.23085704,0.74233544,0.43325275,-0.023191426,-0.0919998,0.26545313,0.032677297,-0.46787855,-0.40700844,0.016469238,747.03296,810.293,819.9634,747.8388,318.71796,-0.1514892578125,0.11175537109375,0.977294921875,4.74029541015625,-4.306640625,-0.55328369140625,1,1.0,1.0,1.0,1.0,80.00
2019-06-29 13:51:34,,,,,,,,,,,,,,,,,,,,,,,,,,,,,,,,,,,,,,/muse/elements/blink
2019-06-29 13:51:35.745,1.1255214,0.18122378,0.5195458,1.3297123,0.6569613,0.03476063,-0.0053089024,1.0501218,0.82221997,0.2088194,0.5485097,0.9898416,0.31025475,-0.005872245,-0.09691673,0.32717755,-0.09572527,-0.57069707,-0.42869484,-0.071009696,649.92676,818.7546,824.3956,673.2967,366.26373,-0.14898681640625,0.1146240234375,0.97406005859375,4.78515625,-3.90289306640625,-0.5084228515625,1,1.0,1.0,1.0,1.0,80.00
2019-06-29 13:51:36,,,,,,,,,,,,,,,,,,,,,,,,,,,,,,,,,,,,,,/muse/elements/blink
2019-06-29 13:51:36.783,0.8574631,0.023058679,0.078269005,1.0682347,0.6240802,0.01971536,0.046893235,0.95233303,0.9697556,0.08451674,0.5129329,0.9821053,0.41189495,-0.005485918,-0.10400581,0.4011821,-0.047404177,-0.48878214,-0.50908405,0.10366531,987.98535,817.1429,820.7692,960.18317,1081.4652,-0.14947509765625,0.1156005859375,0.9683837890625,4.583282470703125,-3.60382080078125,-0.95703125,1,1.0,1.0,1.0,1.0,80.00
2019-06-29 13:51:37,,,,,,,,,,,,,,,,,,,,,,,,,,,,,,,,,,,,,,/muse/elements/blink
2019-06-29 13:51:37.818,0.94387186,-0.099349424,0.23502295,1.0845159,0.7883263,-0.08871224,0.07707728,0.8412441,0.9903283,0.07857274,0.16350052,0.8400609,0.34799874,-0.15237002,-0.11336187,0.51117104,0.13976066,-0.5401097,-0.5901732,0.17150216,887.6557,803.44324,807.8755,865.4945,1182.6007,-0.14947509765625,0.112060546875,0.974365234375,4.83001708984375,-4.17205810546875,-0.485992431640625,1,1.0,1.0,1.0,1.0,80.00
2019-06-29 13:51:38.846,1.1293226,0.45148537,0.34629413,1.2673107,0.85886663,-0.376348,0.20883027,1.0075496,0.91817766,0.055842225,0.22070271,1.073556,0.1942103,-0.21456584,-0.08442572,0.46716306,0.0013762725,-0.5572535,-0.50392836,0.011591656,982.3443,832.0513,808.68134,936.4103,1009.7436,-0.14544677734375,0.1136474609375,0.978515625,4.478607177734375,-4.403839111328125,-0.70281982421875,1,1.0,1.0,1.0,1.0,80.00
2019-06-29 13:51:39,,,,,,,,,,,,,,,,,,,,,,,,,,,,,,,,,,,,,,/muse/elements/blink
2019-06-29 13:51:39.873,0.8355556,0.66953284,0.8143689,0.7913708,0.86030614,0.094670676,0.26309162,0.8116114,0.9442069,0.45046517,0.17181537,1.1333934,0.22360362,-0.27600652,-0.15554602,0.33698896,0.03452932,-0.47160167,-0.52875406,-0.04279025,925.5311,807.47253,815.12823,903.36993,1159.2307,-0.14501953125,0.10772705078125,0.974609375,5.0244140625,-4.02252197265625,-0.95703125,1,1.0,1.0,1.0,1.0,80.00
2019-06-29 13:51:40,,,,,,,,,,,,,,,,,,,,,,,,,,,,,,,,,,,,,,/muse/elements/blink
2019-06-29 13:51:40.914,1.1575662,0.6445939,0.76041,1.1758294,0.9048772,0.20404446,0.16167961,0.9088546,0.8617746,0.4480942,0.14400019,1.0062188,0.24277773,-0.23407896,-0.2759307,0.30152625,0.13814273,-0.5000193,-0.50495523,-0.046331897,706.337,817.1429,821.978,710.3663,371.0989,-0.146240234375,0.1103515625,0.97125244140625,4.78515625,-3.730926513671875,-0.94207763671875,1,1.0,1.0,1.0,1.0,80.00
2019-06-29 13:51:41,,,,,,,,,,,,,,,,,,,,,,,,,,,,,,,,,,,,,,/muse/elements/blink
2019-06-29 13:51:41.935,0.94346946,0.11705897,0.35057265,1.0593683,0.5658428,-0.11171234,-0.19085716,0.8631149,0.60835165,-0.027114198,-0.1703408,0.9949764,0.2811036,-0.23111124,-0.28736046,0.33569124,0.06141301,-0.48889983,-0.548532,-0.10460549,655.9707,825.2015,828.022,668.86444,520.18317,-0.1396484375,0.11273193359375,0.976318359375,4.792633056640625,-4.687957763671875,-0.85235595703125,1,1.0,1.0,1.0,1.0,80.00
2019-06-29 13:51:42.937,0.7429705,0.26692477,0.23750778,0.85137516,0.6256294,0.13131014,0.029865185,0.66707504,1.0388054,0.05896171,0.15048194,1.2108977,0.32282755,-0.10804224,-0.13577534,0.49618682,0.12687784,-0.4461751,-0.49530056,0.050961006,709.9634,834.4689,805.8608,720.84247,279.6337,-0.13848876953125,0.109619140625,0.97613525390625,4.5758056640625,-3.925323486328125,-1.42059326171875,1,1.0,1.0,1.0,1.0,80.00
2019-06-29 13:51:43,,,,,,,,,,,,,,,,,,,,,,,,,,,,,,,,,,,,,,/muse/elements/blink
2019-06-29 13:51:43.968,1.0965081,0.8340354,0.97913074,1.0662442,0.71046406,0.27944934,0.15390968,0.3842394,1.0253139,0.24625118,0.26062176,1.1873605,0.28880468,-0.125165,-0.2001711,0.49124944,0.111231625,-0.61177427,-0.5326191,0.07999243,977.50916,812.3077,815.9341,950.9158,1125.3846,-0.136474609375,0.111328125,0.97735595703125,4.85992431640625,-3.6187744140625,-0.70281982421875,1,1.0,1.0,1.0,1.0,80.00
2019-06-29 13:51:44,,,,,,,,,,,,,,,,,,,,,,,,,,,,,,,,,,,,,,/muse/elements/blink
2019-06-29 13:51:45.017,0.875664,0.6547605,0.8134441,0.64773536,0.16872773,-0.06284394,0.040224835,0.35893586,0.68387616,0.060406778,0.0771464,0.6800376,0.15851809,-0.20869629,-0.2089944,0.2569978,0.09295655,-0.4636231,-0.49487266,-0.0036007653,832.0513,816.337,824.7985,822.7839,1128.608,-0.131591796875,0.10760498046875,0.97125244140625,4.42626953125,-4.0673828125,-0.800018310546875,1,1.0,1.0,1.0,1.0,80.00
2019-06-29 13:51:46.032,0.35387704,0.30117607,0.17836328,0.29687652,0.2799728,-0.105963804,-0.030730147,0.10064008,0.6061714,0.15092635,0.011728209,0.5676987,0.19286613,-0.13571484,-0.015263884,0.18404393,-0.03701908,-0.4321003,-0.44274178,-0.024837814,991.6117,819.15753,828.022,952.9304,1135.8608,-0.13671875,0.10931396484375,0.9766845703125,4.119720458984375,-3.686065673828125,-0.964508056640625,1,1.0,1.0,1.0,1.0,80.00
2019-06-29 13:51:46,,,,,,,,,,,,,,,,,,,,,,,,,,,,,,,,,,,,,,/muse/elements/blink
2019-06-29 13:51:47.063,0.2323732,-0.31808707,0.3174463,0.031228045,0.37094766,-0.13586815,-0.0083755385,0.10646612,0.6747761,0.24763086,0.14036296,0.6306314,0.31914562,-0.2434579,-0.074878514,0.28799018,0.036330327,-0.50938,-0.4103496,-0.21586688,874.7619,819.9634,822.7839,861.8681,1162.0513,-0.132568359375,0.11517333984375,0.97900390625,4.912261962890625,-4.000091552734375,-0.9869384765625,1,1.0,1.0,1.0,1.0,80.00
2019-06-29 13:51:47,,,,,,,,,,,,,,,,,,,,,,,,,,,,,,,,,,,,,,/muse/elements/blink
2019-06-29 13:51:48.096,0.87703806,0.4319502,0.37681365,0.90369534,0.36971784,-0.013752637,-0.18776087,0.4442353,0.75239587,0.25736445,0.08187834,0.6922362,0.295862,-0.22936055,-0.10694659,0.39469296,0.069123745,-0.5629926,-0.5197343,-0.064851925,994.43225,814.7253,829.6337,965.42126,1085.4945,-0.13714599609375,0.109130859375,0.9779052734375,4.837493896484375,-3.768310546875,-1.009368896484375,1,1.0,1.0,1.0,1.0,80.00
2019-06-29 13:51:49,,,,,,,,,,,,,,,,,,,,,,,,,,,,,,,,,,,,,,/muse/elements/blink
2019-06-29 13:51:49.113,1.1510118,0.5612734,0.37894124,1.3172742,0.5378366,0.19365035,-0.24346605,0.7711113,0.7102374,0.14960122,-0.04729291,0.6026736,0.33909795,-0.1633582,-0.24708685,0.33414862,0.006177977,-0.60133475,-0.51328045,0.047699776,674.10254,813.91943,816.7399,685.38464,477.47253,-0.13238525390625,0.10906982421875,0.9766845703125,4.598236083984375,-4.269256591796875,-1.30096435546875,1,1.0,1.0,1.0,1.0,80.00
2019-06-29 13:51:50.143,0.69806707,0.2878106,0.24152641,0.8986036,0.43297994,-0.054939352,-0.1800155,0.49719974,0.6734025,0.083215185,0.10586005,0.60617334,0.3647198,-0.14548324,-0.17546415,0.35072717,-0.027795998,-0.5682247,-0.38515377,-0.023416813,772.8205,819.9634,828.4249,768.7912,839.707,-0.13153076171875,0.11236572265625,0.9775390625,4.702911376953125,-4.149627685546875,-0.844879150390625,1,1.0,1.0,1.0,1.0,80.00
2019-06-29 13:51:50,,,,,,,,,,,,,,,,,,,,,,,,,,,,,,,,,,,,,,/muse/elements/blink
2019-06-29 13:51:51.163,0.81538105,0.31087878,0.2037351,1.0596775,0.4347062,-0.16808951,-0.25243407,0.40151915,0.4832384,0.36943275,0.37868178,0.6007129,0.40735522,-0.20242004,-0.16439967,0.3671121,0.013111353,-0.5683574,-0.39967296,-0.072212495,948.49817,805.4579,816.7399,933.5897,1206.3737,-0.12860107421875,0.11297607421875,0.97772216796875,4.837493896484375,-3.99261474609375,-0.979461669921875,1,1.0,1.0,1.0,1.0,80.00
2019-06-29 13:51:52,,,,,,,,,,,,,,,,,,,,,,,,,,,,,,,,,,,,,,/muse/elements/blink
2019-06-29 13:51:52.172,1.0576457,0.82725847,0.7678765,1.3266406,0.6482649,0.22184005,0.27076173,0.6246128,0.71747947,0.4587478,0.252504,0.7659519,0.32098332,-0.28818974,-0.14990644,0.39089102,0.029184844,-0.71956235,-0.5849126,-0.05187625,681.75824,814.3223,819.9634,707.9487,381.17215,-0.12872314453125,0.11260986328125,0.9774169921875,4.486083984375,-4.42626953125,-0.9869384765625,1,1.0,1.0,1.0,1.0,80.00
2019-06-29 13:51:53.216,1.0313876,0.7805627,0.85973835,1.1604058,0.55531627,0.281651,0.30371574,0.57353204,0.82369304,0.43660384,0.098462366,0.89090115,0.33528098,-0.1287251,0.007261318,0.38217452,0.0635432,-0.6949718,-0.5121794,-0.01413639,963.4066,815.9341,819.15753,939.2308,1125.3846,-0.1339111328125,0.11273193359375,0.9766845703125,4.673004150390625,-4.074859619140625,-0.5084228515625,1,1.0,1.0,1.0,1.0,80.00
2019-06-29 13:51:53,,,,,,,,,,,,,,,,,,,,,,,,,,,,,,,,,,,,,,/muse/elements/blink
2019-06-29 13:51:54.246,0.9282215,0.5200625,0.6948291,0.9247394,0.4713768,0.2176761,-0.10179214,0.48191595,0.88857174,0.3398827,0.19757044,0.8045155,0.3102574,-0.025345044,-0.14725447,0.21541986,-0.05844072,-0.5719235,-0.6139101,-0.13672392,666.8498,818.7546,819.9634,702.3077,394.46887,-0.12908935546875,0.1072998046875,0.97467041015625,4.149627685546875,-3.887939453125,0.0299072265625,1,1.0,1.0,1.0,1.0,80.00
2019-06-29 13:51:54,,,,,,,,,,,,,,,,,,,,,,,,,,,,,,,,,,,,,,/muse/elements/blink
2019-06-29 13:51:55.268,0.9048836,0.1595966,0.4028046,0.93925494,0.65050876,-0.07384238,-0.0028113595,0.69153535,0.89093715,0.2992684,0.20229755,0.92529935,0.37762228,-0.13588652,-0.11236639,0.2679876,-0.10100167,-0.5162348,-0.63829064,-0.042148136,988.7912,820.7692,832.8571,965.42126,1139.8901,-0.121826171875,0.10894775390625,0.98260498046875,4.71038818359375,-4.254302978515625,-0.82244873046875,1,1.0,1.0,1.0,1.0,80.00
2019-06-29 13:51:56.305,0.74500805,0.10284004,0.33831653,0.7440121,0.46465153,-0.25818816,0.0830431,0.442981,1.0856292,0.36394092,0.15136229,0.9660537,0.4363549,-0.23226129,-0.14805566,0.2811023,0.08731231,-0.5779047,-0.54437083,-0.051403955,675.7143,819.15753,820.7692,689.41394,525.82416,-0.1199951171875,0.1099853515625,0.97845458984375,4.673004150390625,-3.880462646484375,-1.293487548828125,1,1.0,1.0,1.0,1.0,80.00
2019-06-29 13:51:56,,,,,,,,,,,,,,,,,,,,,,,,,,,,,,,,,,,,,,/muse/elements/blink
2019-06-29 13:51:57.354,0.62679666,0.7880888,0.64566034,0.49902922,0.36382023,-0.05831674,0.2522491,0.4198044,0.995219,0.22905828,0.11271829,0.6730146,0.43110305,-0.076785,0.031078422,0.45603058,0.049177673,-0.6284631,-0.42869848,-0.15832315,966.63007,814.3223,818.7546,947.28937,977.50916,-0.120361328125,0.11090087890625,0.977783203125,4.66552734375,-4.0374755859375,-1.099090576171875,1,1.0,1.0,1.0,1.0,80.00
2019-06-29 13:51:57,,,,,,,,,,,,,,,,,,,,,,,,,,,,,,,,,,,,,,/muse/elements/blink
2019-06-29 13:51:58.401,0.6715212,0.56211966,0.36842626,0.6636846,0.49109113,-0.103145964,0.04693359,0.49664205,0.76271486,0.13512263,0.4490892,0.7488252,0.45736203,-0.10579907,-0.1220741,0.46483782,0.02924945,-0.5336763,-0.6422362,-0.14025748,666.8498,821.978,822.7839,691.8315,415.8242,-0.1212158203125,0.11181640625,0.97747802734375,4.44122314453125,-3.529052734375,-0.874786376953125,1,1.0,1.0,1.0,1.0,80.00
2019-06-29 13:51:59,,,,,,,,,,,,,,,,,,,,,,,,,,,,,,,,,,,,,,/muse/elements/blink
2019-06-29 13:51:59.442,0.50375736,0.3508421,0.34595382,0.43096662,0.31096417,-0.038402546,0.104474664,0.35575217,0.7325519,0.13062051,0.31521663,0.6525131,0.46934628,-0.03702844,-0.054333847,0.31839156,-0.057936747,-0.5153136,-0.5440706,-0.19024341,955.7509,822.381,821.1722,942.0513,963.4066,-0.12213134765625,0.10858154296875,0.981689453125,4.6954345703125,-3.282318115234375,-1.21124267578125,1,1.0,1.0,1.0,1.0,75.00
2019-06-29 13:52:00.492,0.27378166,0.15268843,0.29249272,0.46261775,0.3352987,-0.09418781,0.14573385,0.34127557,0.4997553,0.17420673,0.45803857,0.7332387,0.30084583,-0.07520414,-0.026440037,0.19406494,-0.07424914,-0.4986811,-0.47078434,-0.18510056,691.4286,823.1868,821.1722,706.337,633.00366,-0.11846923828125,0.10888671875,0.9744873046875,4.83001708984375,-3.529052734375,-0.994415283203125,1,1.0,1.0,1.0,1.0,75.00
2019-06-29 13:52:00,,,,,,,,,,,,,,,,,,,,,,,,,,,,,,,,,,,,,,/muse/elements/blink
2019-06-29 13:52:01.531,0.472873,0.12072506,0.69925565,0.82775205,0.3442967,-0.26719233,0.22417781,0.33560404,0.5812051,0.14666225,0.46316785,0.5793111,0.4786101,-0.03610295,-0.023422915,0.37801424,-0.07691399,-0.55153465,-0.5364696,-0.07420678,697.0696,815.5311,817.5458,719.2308,421.86813,-0.1219482421875,0.10552978515625,0.98126220703125,4.373931884765625,-3.94775390625,-1.06170654296875,1,1.0,1.0,1.0,1.0,75.00
2019-06-29 13:52:02,,,,,,,,,,,,,,,,,,,,,,,,,,,,,,,,,,,,,,/muse/elements/blink
2019-06-29 13:52:02.574,0.8899076,0.17596763,0.26668438,0.94798803,0.5901705,-0.14470656,-0.04960522,0.5393818,0.70321923,0.1108954,0.068384394,0.700385,0.36666209,-0.22524005,-0.19260599,0.24565451,-0.114292376,-0.4469122,-0.436275,-0.13351192,776.4469,814.7253,815.9341,782.0879,371.50183,-0.12158203125,0.109375,0.97625732421875,4.613189697265625,-4.964599609375,-0.897216796875,1,1.0,1.0,1.0,1.0,75.00
2019-06-29 13:52:03.578,0.8111631,0.2807018,0.23589598,0.64205927,0.46711588,-0.19485328,-0.04885571,0.35373873,0.8357872,0.026260192,0.14871338,0.82755584,0.39782995,-0.1365811,-0.02209571,0.19328204,-0.081944875,-0.4897747,-0.41743582,-0.08785369,707.1429,822.381,824.7985,713.9927,361.8315,-0.12164306640625,0.110107421875,0.97998046875,4.493560791015625,-4.164581298828125,-0.58319091796875,1,1.0,1.0,1.0,1.0,75.00
2019-06-29 13:52:03,,,,,,,,,,,,,,,,,,,,,,,,,,,,,,,,,,,,,,/muse/elements/blink
2019-06-29 13:52:04.596,0.7136484,0.3121035,0.19705182,0.5086303,0.33572707,0.0062503177,-0.1689603,0.06676414,0.8129621,0.010064116,0.07966257,0.8870774,0.38810468,-0.09504489,-0.047569633,0.41500282,-0.08216332,-0.5590331,-0.58922535,-0.2618854,967.4359,823.9927,828.022,945.2747,1096.3737,-0.1195068359375,0.11187744140625,0.9810791015625,4.598236083984375,-4.2767333984375,-0.770111083984375,1,1.0,1.0,1.0,1.0,75.00
2019-06-29 13:52:05,,,,,,,,,,,,,,,,,,,,,,,,,,,,,,,,,,,,,,/muse/elements/blink
2019-06-29 13:52:05.614,1.0345237,0.34755802,0.5788931,1.1316017,0.29422644,0.13112547,-0.1318623,0.38977498,0.7220418,0.44082952,0.32282647,0.9950745,0.18373337,-0.13837959,-0.16775602,0.39165327,0.058909915,-0.5596421,-0.7086958,-0.12634823,922.71063,827.619,824.7985,903.7729,1252.7106,-0.11962890625,0.10693359375,0.979248046875,4.85992431640625,-3.99261474609375,-0.6878662109375,1,1.0,1.0,1.0,1.0,75.00
2019-06-29 13:52:06,,,,,,,,,,,,,,,,,,,,,,,,,,,,,,,,,,,,,,/muse/elements/blink
2019-06-29 13:52:06.647,0.48753035,0.20592812,0.33143118,0.6953412,0.29249674,0.21270022,0.002349794,0.2965012,0.8709168,0.4631401,0.33788818,0.8989932,0.2940088,-0.10798487,-0.19296777,0.3435878,0.20881057,-0.45354015,-0.51009023,0.1180932,727.6923,817.9487,819.9634,731.31866,627.76556,-0.11639404296875,0.11004638671875,0.97760009765625,4.5758056640625,-3.81317138671875,-1.06170654296875,1,1.0,1.0,1.0,1.0,75.00
2019-06-29 13:52:07.701,-0.0951807,0.1434847,0.20683052,0.089449845,0.24186128,-0.10073122,0.2657403,0.003298226,0.8234613,0.0314221,0.16297993,0.848526,0.39154887,-0.16476072,-0.3343052,0.25173974,0.14334092,-0.43491787,-0.46658662,0.111313045,879.59705,830.0366,828.4249,874.35895,627.76556,-0.11627197265625,0.1126708984375,0.98321533203125,4.66552734375,-4.089813232421875,-0.740203857421875,1,1.0,1.0,1.0,1.0,75.00
2019-06-29 13:52:08,,,,,,,,,,,,,,,,,,,,,,,,,,,,,,,,,,,,,,/muse/elements/blink
2019-06-29 13:52:08.736,0.38183647,0.4879783,0.37595394,0.43155634,0.23641202,0.1717092,0.08185509,0.1525052,0.7809878,0.27097884,0.025570916,0.6176843,0.24473725,-0.064757645,-0.06331414,0.16335511,-0.1764774,-0.5008804,-0.52431375,-0.179675,731.7216,816.7399,817.9487,738.1685,430.32968,-0.1163330078125,0.11572265625,0.980224609375,4.68048095703125,-4.29168701171875,-0.85235595703125,1,1.0,1.0,1.0,1.0,75.00
2019-06-29 13:52:09,,,,,,,,,,,,,,,,,,,,,,,,,,,,,,,,,,,,,,/muse/elements/blink
2019-06-29 13:52:09.767,1.0208803,0.19049397,0.43545958,1.0071971,0.49393877,-0.06457644,-0.047819138,0.36585864,0.7895118,0.41055655,0.24282952,1.0420899,0.4053394,-0.06431792,-0.024563937,0.41902834,0.0423464,-0.5957663,-0.57087743,0.016908092,942.0513,822.381,822.7839,921.0989,1142.7106,-0.11505126953125,0.11016845703125,0.98333740234375,4.6356201171875,-4.007568359375,-0.889739990234375,1,1.0,1.0,1.0,1.0,80.00
2019-06-29 13:52:10.781,0.91355324,0.19274585,0.5966756,0.906988,0.44110394,0.057062086,-0.31085417,0.2869174,0.90696067,0.38156587,0.33157095,1.0483721,0.5161221,-0.14663857,-0.058933124,0.49652782,0.091143444,-0.7047762,-0.61558396,-0.038081896,698.2784,828.4249,818.3516,722.0513,294.94507,-0.1087646484375,0.10791015625,0.979736328125,4.77020263671875,-4.119720458984375,-0.785064697265625,1,1.0,1.0,1.0,1.0,80.00
2019-06-29 13:52:10,,,,,,,,,,,,,,,,,,,,,,,,,,,,,,,,,,,,,,/muse/elements/blink
2019-06-29 13:52:11.806,1.1038321,0.34352797,0.45666164,1.0071924,0.26030284,-0.17735751,-0.28136492,0.23495333,0.7633051,0.17434417,0.07241193,0.737762,0.3051069,-0.12909403,-0.155814,0.3034307,-0.021802973,-0.44701853,-0.5953748,-0.16033845,783.69965,826.4103,804.2491,796.1905,406.55676,-0.10791015625,0.11151123046875,0.97320556640625,4.852447509765625,-4.486083984375,-0.7476806640625,1,1.0,1.0,1.0,1.0,80.00
2019-06-29 13:52:12,,,,,,,,,,,,,,,,,,,,,,,,,,,,,,,,,,,,,,/muse/elements/blink
2019-06-29 13:52:12.830,1.2188278,0.6487029,0.7523546,1.0001807,0.42886302,-0.23619273,-0.1756725,0.3156126,0.84373367,0.08102466,-0.1510905,0.85632646,0.41401476,-0.17812333,-0.0971458,0.351126,-0.18688744,-0.4197273,-0.5865774,-0.10067684,696.6667,816.337,823.9927,716.0073,398.49817,-0.11492919921875,0.116455078125,0.98223876953125,4.68048095703125,-4.02252197265625,-0.7476806640625,1,1.0,1.0,1.0,1.0,80.00
2019-06-29 13:52:13.876,0.99725085,-0.34686148,0.10566477,1.1523248,0.4633882,-0.07763283,-0.28581512,0.62663674,0.7314348,0.027198926,-0.090906344,0.95113814,0.35696444,-0.14901233,-0.14378513,0.34556267,-0.061964106,-0.6445995,-0.55441767,-0.13894542,956.1539,821.1722,820.3663,941.6484,920.293,-0.10577392578125,0.1158447265625,0.981201171875,4.5159912109375,-4.314117431640625,-0.934600830078125,1,1.0,1.0,1.0,1.0,80.00
2019-06-29 13:52:13,,,,,,,,,,,,,,,,,,,,,,,,,,,,,,,,,,,,,,/muse/elements/blink
2019-06-29 13:52:14.890,1.0847026,0.25531507,0.4525073,1.1992828,0.7217366,-0.11489964,-0.13191545,0.60521924,0.7833223,0.082936324,0.1580334,0.6137064,0.21736722,-0.10507297,-0.06961796,0.18612286,-0.05721155,-0.4509479,-0.6106786,-0.18366396,695.4579,816.7399,808.68134,717.619,603.1868,-0.10546875,0.11322021484375,0.9833984375,4.3963623046875,-4.9945068359375,-0.770111083984375,1,1.0,1.0,1.0,1.0,80.00
2019-06-29 13:52:15,,,,,,,,,,,,,,,,,,,,,,,,,,,,,,,,,,,,,,/muse/elements/blink
2019-06-29 13:52:15.931,1.0568166,0.5115291,0.42948472,0.8481263,0.8136634,-0.046134144,0.050516117,0.5275336,0.6033123,0.1312045,0.22649466,0.57746565,0.4234622,-0.19089425,0.0568417,0.542539,0.43924946,-0.35904276,-0.42091432,0.852246,729.707,819.5604,821.1722,730.10986,371.0989,-0.12322998046875,0.0987548828125,0.9775390625,4.844970703125,-3.78326416015625,-2.332763671875,1,1.0,1.0,1.0,1.0,80.00
2019-06-29 13:52:16,,,,,,,,,,,,,,,,,,,,,,,,,,,,,,,,,,,,,,/muse/elements/blink
2019-06-29 13:52:16.953,0.6698656,0.37217855,0.35673478,0.9270597,0.16923086,-0.05809534,0.093505,0.7207736,0.6693297,0.0035823488,0.2540577,0.94274306,0.5350082,-0.24596365,-0.026313605,0.39607766,0.5537678,-0.35340276,-0.27372584,0.54263383,716.4103,823.9927,819.15753,719.2308,652.3443,-0.1119384765625,0.0997314453125,0.98284912109375,4.912261962890625,-3.39447021484375,-1.278533935546875,1,1.0,1.0,1.0,1.0,80.00
2019-06-29 13:52:17.967,0.19823137,0.4831406,0.53822786,0.7334736,0.17311122,0.024784187,0.01429822,0.63723063,0.50022113,-0.032890145,0.1591712,0.8724922,0.31077647,-0.16871527,-0.10604229,0.4738864,0.02630498,-0.47754097,-0.7284775,-0.12073707,895.31134,827.619,807.0696,897.72894,801.4286,-0.1148681640625,0.10223388671875,0.9779052734375,4.71038818359375,-3.970184326171875,-1.375732421875,1,1.0,1.0,1.0,1.0,80.00
2019-06-29 13:52:18,,,,,,,,,,,,,,,,,,,,,,,,,,,,,,,,,,,,,,/muse/elements/blink
2019-06-29 13:52:18.980,0.742594,0.26674727,0.73224205,0.79601645,0.23068579,-0.016117096,-0.038475316,0.20245077,0.69350505,0.14438027,-0.079802476,0.6439113,0.4113306,-0.1590237,-0.07808722,0.37992945,-0.02322553,-0.42647043,-0.57189286,-0.123256564,965.42126,832.4542,817.5458,948.49817,931.978,-0.11590576171875,0.10076904296875,0.9822998046875,4.62066650390625,-4.127197265625,-0.560760498046875,1,1.0,1.0,1.0,1.0,80.00
2019-06-29 13:52:19,,,,,,,,,,,,,,,,,,,,,,,,,,,,,,,,,,,,,,/muse/elements/blink
2019-06-29 13:52:20.004,0.4821124,0.19426997,0.3617638,0.5895767,0.12963125,0.07636517,-0.28471127,-0.17941406,0.76429033,0.09519702,-0.003070817,0.53780645,0.3200438,-0.10097089,-0.06708062,0.31239393,-0.107871875,-0.65583134,-0.60749584,-0.16614676,710.3663,825.2015,821.5751,713.5897,517.76556,-0.1123046875,0.10394287109375,0.97955322265625,4.373931884765625,-3.641204833984375,-1.203765869140625,1,1.0,1.0,1.0,1.0,80.00
2019-06-29 13:52:21.034,-0.010463822,0.037705258,-0.2622915,0.20411181,0.0648235,0.12178236,-0.20194292,-0.0017873991,0.7041884,0.30044731,0.06418752,0.36370867,0.25439483,-0.1351566,-0.041602004,0.25567538,-0.12145273,-0.64013237,-0.62043875,-0.10085155,701.50183,829.6337,821.978,704.3223,569.7436,-0.1146240234375,0.0985107421875,0.97943115234375,4.5159912109375,-3.9178466796875,-1.308441162109375,1,1.0,1.0,1.0,1.0,80.00
2019-06-29 13:52:21,,,,,,,,,,,,,,,,,,,,,,,,,,,,,,,,,,,,,,/muse/elements/blink
2019-06-29 13:52:22.058,0.3542559,-0.027956052,0.16321722,0.9399818,0.19931261,-0.19183587,-0.048894625,0.15057409,0.7274695,0.05354294,0.18091622,0.86456436,0.37312326,-0.13881521,0.05984686,0.37442836,-0.067050494,-0.44478652,-0.4858137,-0.22883661,741.79486,827.2161,818.3516,748.24176,808.2784,-0.104248046875,0.10614013671875,0.9814453125,4.77020263671875,-3.760833740234375,-0.949554443359375,1,1.0,1.0,1.0,1.0,80.00
2019-06-29 13:52:22,,,,,,,,,,,,,,,,,,,,,,,,,,,,,,,,,,,,,,/muse/elements/blink
2019-06-29 13:52:23.094,0.6983818,0.2002636,0.3077639,1.0640649,0.30851963,-0.13734692,0.0045717545,0.18175088,0.632773,0.051496368,-0.055351082,0.7150419,0.3349058,-0.07086213,-0.007316963,0.33453724,-0.04831526,-0.42415318,-0.43105593,-0.19649142,841.7216,822.381,819.15753,850.58606,515.7509,-0.10845947265625,0.1002197265625,0.9857177734375,4.523468017578125,-3.775787353515625,-0.919647216796875,1,1.0,1.0,1.0,1.0,80.00
2019-06-29 13:52:24.145,0.351331,-0.009256572,0.019862713,0.29829836,0.33500662,-0.16474824,-0.11466718,0.09982598,0.6993947,0.016240276,-0.10744552,0.61740804,0.4458577,-0.037256733,-0.16056156,0.22686858,-0.044390846,-0.4304477,-0.54750973,-0.13507664,937.2161,828.022,827.2161,936.4103,884.43225,-0.1064453125,0.10186767578125,0.98248291015625,5.00946044921875,-4.119720458984375,-1.016845703125,1,1.0,1.0,1.0,1.0,80.00
2019-06-29 13:52:24,,,,,,,,,,,,,,,,,,,,,,,,,,,,,,,,,,,,,,/muse/elements/blink
2019-06-29 13:52:25.159,0.6798318,-0.06088007,0.19206095,0.7569009,0.44701993,-0.18383816,-0.0834123,0.25700128,0.696509,-0.021878602,-0.06546144,0.7553941,0.37346336,-0.13180369,-0.14189696,0.5133426,-0.009630681,-0.44942993,-0.65797114,-0.08597447,760.7326,817.9487,811.50183,766.3736,430.32968,-0.1007080078125,0.10296630859375,0.981201171875,4.568328857421875,-4.508514404296875,-1.30096435546875,1,1.0,1.0,1.0,1.0,80.00
2019-06-29 13:52:25,,,,,,,,,,,,,,,,,,,,,,,,,,,,,,,,,,,,,,/muse/elements/blink
2019-06-29 13:52:26.199,0.45071435,0.34738764,0.35687447,0.77523905,0.5103944,-0.23235966,0.03951995,0.43506488,0.93499976,0.026882252,0.29952022,1.021686,0.4551462,-0.1583812,0.042313155,0.63048434,-0.056494195,-0.51551795,-0.54810226,-0.033709124,831.2454,815.12823,813.91943,843.3333,518.97437,-0.1014404296875,0.10015869140625,0.98516845703125,5.24871826171875,-4.164581298828125,-1.248626708984375,1,1.0,1.0,1.0,1.0,80.00
